GC1cm1 = [1.61E-06
0.000186411
0.00175255
0.00792385
0.0195753
0.0363621
0.0554601
0.0785188
0.104373
0.133877
0.165658
0.199336
0.233916
0.269722
0.307973
0.347877
0.390915
0.435249
0.484031
0.53538
0.592483
0.651647
0.714855
0.780865
0.852292
0.929289
1.01041
1.09789
1.18832
1.28603
1.38435
1.48509
1.57867
1.66387
1.73812
1.80656
1.8824
1.97675
2.10191
2.25359
2.42106
2.58282
2.71949
2.82115
2.88985
2.94023
2.98893
3.04665
3.11118
3.1658
3.18738
3.15703
3.07283
2.95506
2.83875
2.75263
2.69696
2.62886
2.47278
2.1591
1.68134
1.14125
0.724971
0.542126
0.613124
0.915989
1.34421
1.65742
1.64973
1.29218
0.728658
0.266078
0.0477083
0.00322104
0
0
0
0
0
0
0
0
0
0];